frames: 9
rmse[m]: 3.254092
mae[m]: 2.690432
max[m]: 5.547907
